103,6
4294967279,402
16,5
22,26
22,25
22,22
22,24
4294967278,322
22,23
22,18
22,21
22,20
4294967278,321
22,19
22,12
22,17
4294967278,320
22,16
22,15
22,14
22,10
22,13
22,11
22,9
22,5
22,8
22,7
22,6
103,5
4294967294,481
103,4
103,3
103,2
103,1
102,4
102,3
102,2
102,1
4294967279,401
4294967294,480
101,6
4294967294,479
101,5
101,4
101,3
101,2
101,1
100,4
100,3
100,2
100,1
99,6
99,5
99,4
99,3
99,2
99,1
4294967294,478
98,5
98,4
98,3
98,2
98,1
97,4
97,3
97,2
97,1
96,4
96,3
96,2
96,1
95,5
95,4
95,3
95,2
95,1
94,6
94,5
94,4
94,3
94,2
94,1
4294967279,400
93,6
93,5
93,4
93,3
93,2
93,1
92,5
92,4
92,3
92,2
92,1
91,4
91,3
91,2
91,1
4294967294,477
4294967294,476
90,7
90,6
90,5
90,4
90,3
90,2
90,1
89,6
89,5
89,4
89,3
89,2
89,1
4294967279,399
88,5
88,4
88,3
88,2
88,1
87,4
87,3
87,2
87,1
86,5
4294967294,475
86,4
86,3
86,2
86,1
85,4
85,3
85,2
85,1
84,7
84,6
84,5
84,4
84,3
84,2
84,1
4294967279,398
83,7
83,6
83,5
83,4
83,3
83,2
83,1
4294967279,397
82,7
82,6
82,5
82,4
82,3
82,2
82,1
81,7
81,6
81,5
81,4
81,3
81,2
81,1
80,6
80,5
4294967294,1426
80,4
80,3
80,2
80,1
79,6
79,5
79,4
79,3
79,2
79,1
78,4
78,3
78,2
78,1
77,4
77,3
77,2
77,1
4294967294,428
4294967294,1425
4294967294,1424
76,11
76,10
76,9
76,8
76,7
76,6
76,5
76,4
76,3
76,2
76,1
4294967279,396
4294967279,395
4294967294,1423
75,10
75,9
75,8
75,7
75,6
75,5
75,4
75,3
75,2
75,1
4294967278,575
4294967279,394
4294967294,1422
74,9
74,8
74,7
74,6
74,5
74,4
74,3
74,2
74,1
4294967294,1421
73,8
73,7
73,6
73,5
73,4
73,3
73,2
73,1
4294967279,393
72,7
72,6
72,5
72,4
72,3
72,2
72,1
71,6
71,5
71,4
71,3
71,2
71,1
4294967279,392
70,5
70,4
70,3
70,2
70,1
69,4
69,3
69,2
69,1
4294967294,1419
4294967294,1418
68,12
68,11
4294967294,1417
4294967279,391
4294967279,390
68,10
68,9
68,8
68,7
68,6
68,5
68,4
68,3
68,2
68,1
4294967279,389
4294967278,574
4294967279,388
4294967278,573
4294967279,387
67,8
67,7
67,6
67,5
67,4
67,3
67,2
67,1
4294967278,572
4294967278,571
4294967279,386
4294967278,570
4294967278,569
4294967279,385
4294967294,1420
4294967278,568
66,7
66,6
66,5
66,4
66,3
66,2
66,1
4294967278,567
4294967279,384
4294967278,566
4294967279,383
4294967278,565
4294967278,564
65,6
65,5
65,4
65,3
65,2
65,1
4294967279,382
64,5
64,4
64,3
64,2
64,1
63,5
63,4
63,3
63,2
63,1
4294967294,474
4294967294,945
4294967279,381
4294967278,563
62,10
4294967294,1416
4294967294,915
4294967294,1415
62,9
4294967278,562
62,8
62,7
62,6
62,5
62,4
62,3
62,2
62,1
4294967279,380
4294967279,379
61,8
61,7
61,6
61,5
61,4
61,3
61,2
61,1
4294967279,378
4294967278,561
4294967278,560
60,7
60,6
60,5
60,4
60,3
60,2
60,1
4294967279,377
4294967278,559
59,6
59,5
59,4
59,3
59,2
59,1
4294967278,558
58,5
58,4
58,3
58,2
58,1
57,5
57,4
57,3
57,2
57,1
4294967279,376
56,11
56,10
4294967294,1414
4294967279,375
56,9
56,8
56,7
56,6
56,5
56,4
56,3
56,2
56,1
4294967279,374
4294967279,373
55,9
55,8
55,7
55,6
55,5
55,4
55,3
55,2
55,1
54,8
54,7
54,6
54,5
54,4
54,3
54,2
54,1
4294967278,557
4294967279,372
53,7
53,6
53,5
53,4
53,3
53,2
53,1
4294967279,371
4294967279,370
52,6
52,5
52,4
52,3
52,2
52,1
4294967279,369
4294967279,368
4294967278,556
51,5
51,4
51,3
51,2
51,1
4294967278,555
50,5
50,4
50,3
50,2
50,1
4294967279,367
49,7
49,6
49,5
49,4
49,3
49,2
49,1
48,6
48,5
48,4
48,3
48,2
48,1
4294967278,554
4294967279,366
4294967278,553
47,5
47,4
47,3
47,2
47,1
46,5
46,4
46,3
46,2
46,1
45,6
45,5
45,4
45,3
45,2
45,1
4294967279,365
4294967278,552
44,5
44,4
44,3
44,2
44,1
4294967279,364
4294967278,551
4294967279,363
4294967278,550
4294967279,362
43,4
43,3
43,2
43,1
4294967278,549
4294967278,548
